20 1 64 0 0 0 0 0 0 0 0 0 0 0 0 0 0 0 0 0 0 0 0 0 0 0 0 0 0 0 0 0 0 0 0 0 0 0 0 0 0 0 0 0 0 0 0 0 0 0 0 0 0 0 0 0 0 0 0 0 0 0 0 0 0 0 0
0 63
0 48 6.5 4.12722e-05 1
1 15 9.5 -0.00643206 3
2 63 11.5 0.0113024 5
3 63 2.5 -0.00930363 7
4 49 12.5 0.00253116 9
5 56 7.5 0.00559548 11
6 15 123.5 0.0159624 13
7 0 8.745 -0.0111386 15
8 0 6.265 -2.12224e-05 17
9 63 7.5 0.00163934 19
10 43 17.5 0.015099 21
11 63 3.5 0.00431579 23
12 7 2.5 0.0101402 25
13 63 23.5 0.0148936 27
14 52 25.5 0.0208178 29
15 0 2.475 -0.0136057 31
16 40 7.5 -0.00880914 33
17 39 3.5 -0.00741252 35
18 40 7.5 0.0021925 37
19 39 3.5 0.000213675 39
20 0 244.26 0.00968118 41
21 15 20.5 0.0163428 43
22 -1 0 -0.0025 0
23 15 11.5 -0.00662651 45
24 39 7.5 0.00536332 47
25 49 15.5 0.0108166 49
26 -1 0 -0.0206522 0
27 32 10.5 0.0130253 51
28 25 4.5 0.0183256 53
29 2 2.5 0.018097 55
30 56 12.5 0.0235185 57
31 46 0.5 -0.0168588 59
32 63 1.5 -0.0125795 61
33 -1 0 -0.00900629 0
34 -1 0 0.00488506 0
35 -1 0 -0.00944149 0
36 -1 0 -0.00284431 0
37 -1 0 0.000795756 0
38 -1 0 0.00909836 0
39 -1 0 -0.0027449 0
40 -1 0 0.00235043 0
41 -1 0 0.0103698 0
42 -1 0 -0.0107143 0
43 -1 0 0.00976191 0
44 -1 0 0.0202247 0
45 -1 0 -0.00867003 0
46 -1 0 0.0107143 0
47 -1 0 0.004399 0
48 -1 0 0.0114693 0
49 -1 0 0.00845922 0
50 -1 0 0.0148701 0
51 -1 0 0.0134353 0
52 -1 0 -0.000824176 0
53 -1 0 0.0187013 0
54 -1 0 0.00714286 0
55 -1 0 0.0200902 0
56 -1 0 -0.00878378 0
57 -1 0 0.0202381 0
58 -1 0 0.0241228 0
59 -1 0 -0.0170629 0
60 -1 0 -0.00357143 0
61 -1 0 -0.0134344 0
62 -1 0 -0.0105027 0
1 63
0 48 6.5 4.07569e-05 1
1 15 9.5 -0.00635166 3
2 63 11.5 0.0111611 5
3 63 2.5 -0.00918734 7
4 49 12.5 0.00249952 9
5 56 7.5 0.00552554 11
6 15 123.5 0.0157629 13
7 0 8.745 -0.0109994 15
8 0 6.265 -2.09574e-05 17
9 63 7.5 0.00161885 19
10 43 17.5 0.0149103 21
11 63 3.5 0.00426184 23
12 7 2.5 0.0100134 25
13 63 23.5 0.0147075 27
14 52 25.5 0.0205576 29
15 0 2.475 -0.0134357 31
16 40 7.5 -0.00869902 33
17 39 3.5 -0.00731987 35
18 40 7.5 0.00216509 37
19 39 3.5 0.000211005 39
20 0 244.26 0.00956017 41
21 15 20.5 0.0161385 43
22 -1 0 -0.00246875 0
23 15 11.5 -0.00654367 45
24 39 7.5 0.00529628 47
25 49 15.5 0.0106814 49
26 -1 0 -0.020394 0
27 32 10.5 0.0128625 51
28 25 4.5 0.0180965 53
29 2 2.5 0.0178708 55
30 56 12.5 0.0232246 57
31 46 0.5 -0.0166481 59
32 63 1.5 -0.0124223 61
33 -1 0 -0.00889371 0
34 -1 0 0.00482399 0
35 -1 0 -0.00932347 0
36 -1 0 -0.00280876 0
37 -1 0 0.000785809 0
38 -1 0 0.00898463 0
39 -1 0 -0.00271059 0
40 -1 0 0.00232105 0
41 -1 0 0.0102402 0
42 -1 0 -0.0105804 0
43 -1 0 0.00963988 0
44 -1 0 0.0199719 0
45 -1 0 -0.00856166 0
46 -1 0 0.0105804 0
47 -1 0 0.00434401 0
48 -1 0 0.011326 0
49 -1 0 0.00835347 0
50 -1 0 0.0146843 0
51 -1 0 0.0132673 0
52 -1 0 -0.000813873 0
53 -1 0 0.0184675 0
54 -1 0 0.00705357 0
55 -1 0 0.0198391 0
56 -1 0 -0.00867399 0
57 -1 0 0.0199851 0
58 -1 0 0.0238213 0
59 -1 0 -0.0168496 0
60 -1 0 -0.00352679 0
61 -1 0 -0.0132665 0
62 -1 0 -0.0103714 0
2 63
0 63 3.5 -2.07352e-05 1
1 63 1.5 -0.00902857 3
2 63 11.5 0.00951483 5
3 0 10.855 -0.0122926 7
4 40 6.5 -0.00493071 9
5 63 7.5 0.00504302 11
6 41 114.5 0.0152946 13
7 59 0.5 -0.0138525 15
8 0 59.595 -0.0102572 17
9 48 3.5 -0.00544497 19
10 55 1.5 0.00325596 21
11 41 24.5 0.00344213 23
12 2 5.5 0.00832744 25
13 49 15.5 0.0146813 27
14 5 2.5 0.0227277 29
15 0 3.455 -0.0139968 31
16 48 0.5 -0.000809909 33
17 0 13.025 -0.0110045 35
18 45 20.5 -0.00705672 37
19 0 3.195 -0.00397935 39
20 0 7.025 -0.00746202 41
21 0 5.925 -0.000123659 43
22 43 5.5 0.00874347 45
23 39 0.5 0.00319068 47
24 45 17.5 0.0132993 49
25 42 9.5 0.00856108 51
26 -1 0 -0.0231197 0
27 56 87.5 0.0114846 53
28 32 4.5 0.0160188 55
29 55 2.5 0.020768 57
30 38 7.5 0.0239055 59
31 39 1.5 -0.0157539 61
32 -1 0 -0.0129353 0
33 -1 0 0.0048442 0
34 -1 0 -0.00357414 0
35 -1 0 -0.00653293 0
36 -1 0 -0.0116077 0
37 -1 0 -0.00605945 0
38 -1 0 -0.021328 0
39 -1 0 -0.0147833 0
40 -1 0 -0.00266211 0
41 -1 0 -0.0121766 0
42 -1 0 -0.00566254 0
43 -1 0 -0.0194116 0
44 -1 0 0.00175809 0
45 -1 0 0.0117114 0
46 -1 0 -0.00167868 0
47 -1 0 0.00141866 0
48 -1 0 0.00418012 0
49 -1 0 0.0096661 0
50 -1 0 0.0185188 0
51 -1 0 0.00883539 0
52 -1 0 -0.0154556 0
53 -1 0 0.0122073 0
54 -1 0 8.35403e-05 0
55 -1 0 0.0156009 0
56 -1 0 0.0219519 0
57 -1 0 0.0151035 0
58 -1 0 0.0229652 0
59 -1 0 0.0241503 0
60 -1 0 0.0202635 0
61 -1 0 -0.0161523 0
62 -1 0 -0.0122867 0
3 63
0 48 6.5 3.16418e-05 1
1 39 3.5 -0.00604252 3
2 63 11.5 0.0107435 5
3 0 8.915 -0.00842279 7
4 49 6.5 0.00158221 9
5 39 7.5 0.00509229 11
6 63 24.5 0.0153113 13
7 41 6.5 -0.011743 15
8 63 2.5 -0.00558869 17
9 63 3.5 0.000273261 19
10 55 5.5 0.0116082 21
11 63 7.5 0.00425901 23
12 8 1.5 0.00984404 25
13 56 2.5 0.0124637 27
14 63 43.5 0.0188793 29
15 63 3.5 -0.0120204 31
16 48 0.5 0.0115082 33
17 14 1.5 -0.00842874 35
18 63 5.5 0.00224508 37
19 45 7.5 -0.00393542 39
20 52 5.5 0.00423768 41
21 11 4.5 0.00995081 43
22 55 17.5 0.0214147 45
23 63 3.5 0.00211572 47
24 55 0.5 0.00826028 49
25 60 3.5 0.0115577 51
26 52 21.5 -0.0141195 53
27 47 20.5 0.0106221 55
28 58 4.5 0.014762 57
29 56 269.5 0.0170369 59
30 0 5.925 0.0217111 61
31 -1 0 -0.0125669 0
32 -1 0 -0.00111627 0
33 -1 0 -0.00147087 0
34 -1 0 0.017616 0
35 -1 0 -0.00915575 0
36 -1 0 -0.000739795 0
37 -1 0 0.000790068 0
38 -1 0 0.00854623 0
39 -1 0 -0.00288601 0
40 -1 0 -0.00897754 0
41 -1 0 0.00364585 0
42 -1 0 0.0147172 0
43 -1 0 0.0109043 0
44 -1 0 -0.00992541 0
45 -1 0 0.0231631 0
46 -1 0 0.0158654 0
47 -1 0 -0.00412906 0
48 -1 0 0.00323535 0
49 -1 0 0.00490495 0
50 -1 0 0.0126265 0
51 -1 0 0.0125015 0
52 -1 0 -0.00538757 0
53 -1 0 -0.000289739 0
54 -1 0 -0.0230901 0
55 -1 0 0.0112143 0
56 -1 0 -0.000238017 0
57 -1 0 0.0153736 0
58 -1 0 0.00423952 0
59 -1 0 0.0175505 0
60 -1 0 -0.0107405 0
61 -1 0 0.0103323 0
62 -1 0 0.0219297 0
4 63
0 63 3.5 6.57851e-05 1
1 63 1.5 -0.0086485 3
2 63 10.5 0.00934612 5
3 41 4.5 -0.0118012 7
4 0 7.415 -0.00464017 9
5 63 7.5 0.00467621 11
6 63 24.5 0.0145192 13
7 14 1.5 -0.012452 15
8 60 0.5 -0.00893517 17
9 39 3.5 -0.00889547 19
10 15 15.5 -0.0026608 21
11 0 18.065 0.00327917 23
12 7 2.5 0.00826271 25
13 40 10.5 0.0119212 27
14 63 43.5 0.0186117 29
15 22 0.5 -0.0126866 31
16 49 2.5 -0.00461103 33
17 8 0.5 -0.00967522 35
18 43 2.5 -0.00162968 37
19 0 3.195 -0.0101178 39
20 49 2.5 -0.00235682 41
21 48 2.5 -0.00310246 43
22 15 24.5 0.00546491 45
23 15 26.5 0.00109587 47
24 63 5.5 0.0060127 49
25 11 0.5 0.00861857 51
26 -1 0 -0.017494 0
27 55 1.5 0.010029 53
28 0 8.445 0.0141696 55
29 36 0.5 0.0170904 57
30 11 21.5 0.0210329 59
31 0 2.965 -0.0128512 61
32 -1 0 -0.0100723 0
33 -1 0 -0.00652452 0
34 -1 0 0.0133758 0
35 -1 0 -0.00929711 0
36 -1 0 -0.0178092 0
37 -1 0 -0.00437562 0
38 -1 0 0.0170198 0
39 -1 0 -0.0147387 0
40 -1 0 -0.00857655 0
41 -1 0 -0.00400142 0
42 -1 0 0.00407209 0
43 -1 0 -0.00120765 0
44 -1 0 -0.00468801 0
45 -1 0 0.00792914 0
46 -1 0 -0.0117847 0
47 -1 0 0.000526652 0
48 -1 0 0.00857672 0
49 -1 0 0.00444125 0
50 -1 0 0.00826186 0
51 -1 0 0.00999715 0
52 -1 0 0.00246278 0
53 -1 0 0.0115185 0
54 -1 0 0.00577392 0
55 -1 0 0.00536802 0
56 -1 0 0.0148651 0
57 -1 0 0.0173786 0
58 -1 0 0.00113589 0
59 -1 0 0.0213188 0
60 -1 0 0.00794597 0
61 -1 0 -0.0159709 0
62 -1 0 -0.01203 0
5 63
0 63 3.5 -2.93141e-05 1
1 63 1.5 -0.00865578 3
2 63 12.5 0.00915935 5
3 0 10.545 -0.011692 7
4 15 13.5 -0.00479482 9
5 63 7.5 0.00520151 11
6 15 96.5 0.0150034 13
7 0 3.455 -0.0133182 15
8 0 59.595 -0.00967925 17
9 0 7.415 -0.00528094 19
10 15 28.5 0.0023467 21
11 41 16.5 0.00329783 23
12 45 21.5 0.00860437 25
13 63 24.5 0.0133153 27
14 52 24.5 0.0192123 29
15 46 0.5 -0.0151027 31
16 48 2.5 -0.0122591 33
17 0 13.165 -0.0104736 35
18 44 2.5 -0.00609244 37
19 63 2.5 -0.00955328 39
20 21 2.5 -0.00316836 41
21 56 4.5 0.00327048 43
22 -1 0 -0.022272 0
23 39 0.5 0.00271525 45
24 63 5.5 0.00639539 47
25 5 1.5 0.00954939 49
26 51 0.5 0.00227234 51
27 58 4.5 0.0119637 53
28 49 66.5 0.0168974 55
29 43 13.5 0.0171247 57
30 56 12.5 0.0219943 59
31 41 4.5 -0.0152377 61
32 -1 0 -0.00063609 0
33 -1 0 -0.012447 0
34 -1 0 -0.00525152 0
35 -1 0 -0.00656241 0
36 -1 0 -0.0111846 0
37 -1 0 -0.00570723 0
38 -1 0 -0.0150146 0
39 -1 0 -0.0108655 0
40 -1 0 -0.00676405 0
41 -1 0 -0.00335965 0
42 -1 0 0.0136871 0
43 -1 0 0.00112853 0
44 -1 0 0.011056 0
45 -1 0 0.000973824 0
46 -1 0 0.00388844 0
47 -1 0 0.00245965 0
48 -1 0 0.00991824 0
49 -1 0 0.00849989 0
50 -1 0 0.0138468 0
51 -1 0 -0.0103762 0
52 -1 0 0.00555849 0
53 -1 0 0.012365 0
54 -1 0 -0.00163479 0
55 -1 0 0.0183656 0
56 -1 0 0.0128655 0
57 -1 0 0.0191892 0
58 -1 0 0.0113054 0
59 -1 0 0.019274 0
60 -1 0 0.0226496 0
61 -1 0 -0.0153816 0
62 -1 0 -0.00661756 0
6 63
0 15 11.5 0.000122987 1
1 63 3.5 -0.00627416 3
2 63 12.5 0.00954616 5
3 63 1.5 -0.00896608 7
4 63 8.5 0.00570579 9
5 63 7.5 0.00477349 11
6 15 96.5 0.0151549 13
7 0 20.775 -0.0113905 15
8 40 6.5 -0.00543912 17
9 39 18.5 0.00389878 19
10 5 6.5 0.0125841 21
11 0 18.065 0.00242073 23
12 55 3.5 0.0084402 25
13 21 2.5 0.0135905 27
14 63 39.5 0.0188318 29
15 43 0.5 -0.0124792 31
16 39 2.5 -0.00834499 33
17 49 3.5 -0.00589821 35
18 43 5.5 0.00165627 37
19 0 6.345 0.00422414 39
20 48 3.5 -0.0110443 41
21 8 1.5 0.0132602 43
22 -1 0 -0.015913 0
23 39 0.5 0.00059865 45
24 48 12.5 0.00474055 47
25 40 36.5 0.0072771 49
26 15 30.5 0.0154012 51
27 32 10.5 0.0127458 53
28 49 10.5 0.0179012 55
29 2 1.5 0.0156015 57
30 0 15.455 0.0211145 59
31 32 0.5 -0.012807 61
32 -1 0 -0.00975331 0
33 -1 0 -0.00899867 0
34 -1 0 -0.0047856 0
35 -1 0 -0.00464583 0
36 -1 0 -0.00737258 0
37 -1 0 0.00336696 0
38 -1 0 -0.00749118 0
39 -1 0 -0.000731006 0
40 -1 0 0.00504311 0
41 -1 0 -0.0191716 0
42 -1 0 0.00044607 0
43 -1 0 0.013839 0
44 -1 0 -0.00242585 0
45 -1 0 -0.00282112 0
46 -1 0 0.00263547 0
47 -1 0 0.00392854 0
48 -1 0 0.0138422 0
49 -1 0 0.0075232 0
50 -1 0 -0.0145227 0
51 -1 0 0.01829 0
52 -1 0 0.0111221 0
53 -1 0 0.0131031 0
54 -1 0 -0.00125393 0
55 -1 0 0.0137495 0
56 -1 0 0.0188203 0
57 -1 0 0.0173491 0
58 -1 0 0.00349509 0
59 -1 0 0.0220081 0
60 -1 0 0.0197438 0
61 -1 0 -0.0128453 0
62 -1 0 -0.00135129 0
7 63
0 48 6.5 -2.81684e-05 1
1 63 2.5 -0.00578786 3
2 63 16.5 0.010006 5
3 40 0.5 -0.00964982 7
4 15 18.5 0.00206346 9
5 63 7.5 0.00622785 11
6 15 96.5 0.0160387 13
7 0 3.455 -0.0110961 15
8 63 1.5 -0.00778378 17
9 40 7.5 0.000312217 19
10 63 7.5 0.00660481 21
11 56 2.5 0.00241396 23
12 58 3.5 0.00913073 25
13 21 2.5 0.0142427 27
14 63 39.5 0.0190164 29
15 46 0.5 -0.0143871 31
16 63 1.5 -0.00991899 33
17 0 3.675 -0.00973153 35
18 43 5.5 -0.00499878 37
19 63 3.5 -0.000749256 39
20 14 4.5 0.00799112 41
21 34 0.5 0.00351569 43
22 22 3.5 0.0112648 45
23 63 3.5 0.000827295 47
24 49 18.5 0.0075124 49
25 0 6.465 0.00948359 51
26 32 4.5 -0.0068939 53
27 0 120.03 0.013321 55
28 63 29.5 0.0184312 57
29 62 1.5 0.0167793 59
30 51 39.5 0.0204522 61
31 -1 0 -0.0145532 0
32 -1 0 0.000754811 0
33 -1 0 -0.0114609 0
34 -1 0 -0.00582581 0
35 -1 0 -0.0169672 0
36 -1 0 -0.00896358 0
37 -1 0 -0.0046172 0
38 -1 0 -0.015913 0
39 -1 0 -0.00312685 0
40 -1 0 0.00188201 0
41 -1 0 0.00676637 0
42 -1 0 0.0187724 0
43 -1 0 0.00455425 0
44 -1 0 -0.00648767 0
45 -1 0 0.00985715 0
46 -1 0 0.0212344 0
47 -1 0 -0.00599717 0
48 -1 0 0.0019937 0
49 -1 0 0.00640675 0
50 -1 0 0.0190927 0
51 -1 0 0.00119263 0
52 -1 0 0.0103034 0
53 -1 0 0.00382509 0
54 -1 0 -0.0240443 0
55 -1 0 0.0137905 0
56 -1 0 -0.00587313 0
57 -1 0 0.0166886 0
58 -1 0 0.0211115 0
59 -1 0 0.0174977 0
60 -1 0 -0.00695903 0
61 -1 0 0.0195912 0
62 -1 0 0.0227745 0
8 63
0 15 12.5 -3.76044e-05 1
1 49 4.5 -0.00603348 3
2 63 9.5 0.00954358 5
3 63 1.5 -0.00828415 7
4 63 3.5 0.0019273 9
5 39 0.5 0.00336398 11
6 63 22.5 0.0136996 13
7 55 1.5 -0.011472 15
8 63 3.5 -0.003716 17
9 5 0.5 -0.00432758 19
10 5 0.5 0.00528899 21
11 49 13.5 0.000163675 23
12 40 38.5 0.00460963 25
13 0 5.285 0.0107222 27
14 40 55.5 0.0176998 29
15 5 0.5 -0.0117393 31
16 56 6.5 -0.00517441 33
17 63 2.5 -0.00544967 35
18 18 0.5 0.00467133 37
19 48 2.5 -0.00557058 39
20 48 5.5 -0.000227735 41
21 2 1.5 0.0037674 43
22 5 6.5 0.0092324 45
23 52 1.5 -0.00119019 47
24 55 0.5 0.0061734 49
25 12 2.5 0.00480023 51
26 -1 0 -0.0182572 0
27 63 13.5 0.00205522 53
28 56 11.5 0.0111617 55
29 2 2.5 0.0166998 57
30 0 15.455 0.0204694 59
31 60 0.5 -0.0120401 61
32 -1 0 -0.00443189 0
33 -1 0 -0.00310855 0
34 -1 0 -0.0153083 0
35 -1 0 -0.00635308 0
36 -1 0 -0.00300135 0
37 -1 0 0.0052228 0
38 -1 0 -0.0162176 0
39 -1 0 -0.00117931 0
40 -1 0 -0.00662213 0
41 -1 0 -0.00486521 0
42 -1 0 0.00691116 0
43 -1 0 0.0032909 0
44 -1 0 0.0215794 0
45 -1 0 0.00985656 0
46 -1 0 -0.0166136 0
47 -1 0 0.00138642 0
48 -1 0 -0.00442824 0
49 -1 0 0.00294028 0
50 -1 0 0.0143314 0
51 -1 0 0.00497553 0
52 -1 0 -0.0204065 0
53 -1 0 -0.0043398 0
54 -1 0 0.0134486 0
55 -1 0 0.0101799 0
56 -1 0 0.0131266 0
57 -1 0 0.0173837 0
58 -1 0 0.00684822 0
59 -1 0 0.0225874 0
60 -1 0 0.0189534 0
61 -1 0 -0.0122704 0
62 -1 0 -0.00768834 0
9 63
0 48 6.5 -0.000133387 1
1 63 2.5 -0.00563586 3
2 63 12.5 0.00946261 5
3 63 1.5 -0.00946479 7
4 41 12.5 0.00205392 9
5 63 7.5 0.00465727 11
6 63 24.5 0.0141964 13
7 0 3.455 -0.0111837 15
8 55 0.5 -0.00586459 17
9 0 4.665 0.000966121 19
10 48 5.5 0.00856182 21
11 63 3.5 0.00213779 23
12 7 2.5 0.00759388 25
13 32 10.5 0.0114677 27
14 15 180.5 0.0173441 29
15 39 1.5 -0.0144933 31
16 40 0.5 -0.0103156 33
17 15 13.5 -0.00656996 35
18 40 7.5 -0.00152992 37
19 39 4.5 -0.00519034 39
20 40 4.5 0.00171637 41
21 49 14.5 0.00684303 43
22 15 46.5 0.0149509 45
23 5 0.5 -0.00368133 47
24 49 23.5 0.00319868 49
25 55 0.5 0.00792923 51
26 -1 0 -0.0162847 0
27 56 4.5 0.0118076 53
28 49 10.5 0.000651314 55
29 11 0.5 0.0165563 57
30 52 31.5 0.0209995 59
31 0 1.895 -0.0147814 61
32 -1 0 -0.0118484 0
33 -1 0 -0.0112392 0
34 -1 0 -0.00911605 0
35 -1 0 -0.00688818 0
36 -1 0 0.0062086 0
37 -1 0 -0.00228276 0
38 -1 0 0.022698 0
39 -1 0 -0.0091179 0
40 -1 0 0.00467467 0
41 -1 0 0.000539235 0
42 -1 0 0.00638491 0
43 -1 0 0.00506722 0
44 -1 0 0.0151339 0
45 -1 0 0.0135162 0
46 -1 0 0.0235181 0
47 -1 0 -0.00694039 0
48 -1 0 0.00589359 0
49 -1 0 0.00299572 0
50 -1 0 0.0241856 0
51 -1 0 0.00534937 0
52 -1 0 0.0113057 0
53 -1 0 0.00969081 0
54 -1 0 0.0146602 0
55 -1 0 -0.0167509 0
56 -1 0 0.0229262 0
57 -1 0 0.0176423 0
58 -1 0 0.0138747 0
59 -1 0 0.0188825 0
60 -1 0 0.022036 0
61 -1 0 -0.016368 0
62 -1 0 -0.0137254 0
10 63
0 63 3.5 -1.50924e-05 1
1 0 8.915 -0.0081551 3
2 63 10.5 0.0085798 5
3 39 2.5 -0.0109646 7
4 47 1.5 -0.00586595 9
5 63 7.5 0.0041803 11
6 63 23.5 0.0135517 13
7 0 3.455 -0.0117467 15
8 0 4.135 -0.00536536 17
9 49 3.5 -0.0065861 19
10 47 3.5 -0.0016339 21
11 0 17.965 0.00291769 23
12 41 54.5 0.00753973 25
13 40 15.5 0.0109646 27
14 63 43.5 0.017151 29
15 51 1.5 -0.0142368 31
16 63 1.5 -0.0103174 33
17 39 4.5 -0.00877465 35
18 47 0.5 -0.0032268 37
19 63 1.5 -0.00787088 39
20 15 13.5 -0.00371885 41
21 45 15.5 -0.00100627 43
22 6 0.5 -0.014453 45
23 22 4.5 0.00088168 47
24 11 0.5 0.00541831 49
25 11 0.5 0.00784574 51
26 -1 0 -0.0185997 0
27 0 6.405 0.0096998 53
28 8 1.5 0.0136961 55
29 2 0.5 0.0156175 57
30 56 114.5 0.0198755 59
31 15 5.5 -0.0144031 61
32 -1 0 0.00064076 0
33 -1 0 -0.0115141 0
34 -1 0 -0.00831803 0
35 -1 0 -0.0112736 0
36 -1 0 0.00216215 0
37 -1 0 0.0167707 0
38 -1 0 -0.00391637 0
39 -1 0 -0.00942052 0
40 -1 0 -0.00188367 0
41 -1 0 -0.00418661 0
42 -1 0 0.00566769 0
43 -1 0 -0.000187918 0
44 -1 0 -0.00843231 0
45 -1 0 -0.00649405 0
46 -1 0 -0.0246503 0
47 -1 0 0.000671612 0
48 -1 0 0.0182324 0
49 -1 0 0.00658103 0
50 -1 0 0.00127501 0
51 -1 0 0.00942137 0
52 -1 0 0.000958362 0
53 -1 0 0.00424638 0
54 -1 0 0.0103746 0
55 -1 0 0.0145592 0
56 -1 0 0.00246006 0
57 -1 0 0.0168982 0
58 -1 0 0.010046 0
59 -1 0 0.0191833 0
60 -1 0 0.0219415 0
61 -1 0 -0.0146911 0
62 -1 0 -0.00840172 0
11 63
0 63 3.5 -4.45727e-05 1
1 15 8.5 -0.00789995 3
2 40 18.5 0.00833746 5
3 55 0.5 -0.00871558 7
4 0 62.58 -0.00273728 9
5 63 8.5 0.00651405 11
6 63 43.5 0.0147888 13
7 0 3.455 -0.00929382 15
8 63 1.5 -0.00393021 17
9 45 10.5 -0.00354916 19
10 44 2.5 0.00482979 21
11 39 0.5 0.00336236 23
12 63 23.5 0.0102535 25
13 63 9.5 0.0129836 27
14 56 12.5 0.0198417 29
15 39 4.5 -0.0137253 31
16 63 1.5 -0.00820971 33
17 0 79.585 -0.00739968 35
18 22 2.5 -0.00088907 37
19 43 1.5 -0.00265183 39
20 44 1.5 -0.0132185 41
21 51 3.5 0.00757417 43
22 45 4.5 -0.00664172 45
23 0 13.615 0.00110455 47
24 40 2.5 0.00453476 49
25 0 6.465 0.00863146 51
26 0 5.395 0.0167012 53
27 41 54.5 0.00537655 55
28 1 5.5 0.0139531 57
29 49 177.5 0.0174559 59
30 40 29.5 0.020664 61
31 -1 0 -0.0138744 0
32 -1 0 0.00825357 0
33 -1 0 -0.0104048 0
34 -1 0 -0.00440891 0
35 -1 0 -0.00861433 0
36 -1 0 -0.000948523 0
37 -1 0 -0.00141704 0
38 -1 0 0.0230205 0
39 -1 0 -0.00391652 0
40 -1 0 0.00189159 0
41 -1 0 -0.0181602 0
42 -1 0 -0.00447027 0
43 -1 0 0.00510278 0
44 -1 0 0.0194506 0
45 -1 0 -0.0227431 0
46 -1 0 0.0138509 0
47 -1 0 -0.00193098 0
48 -1 0 0.00496913 0
49 -1 0 0.00266611 0
50 -1 0 0.0059148 0
51 -1 0 0.00410137 0
52 -1 0 0.00917674 0
53 -1 0 0.00607795 0
54 -1 0 0.0171033 0
55 -1 0 0.00794285 0
56 -1 0 -0.0229444 0
57 -1 0 0.014303 0
58 -1 0 0.00302226 0
59 -1 0 0.0186372 0
60 -1 0 0.00327964 0
61 -1 0 0.0149179 0
62 -1 0 0.0210266 0
12 63
0 42 1.5 8.44782e-05 1
1 63 3.5 -0.00424769 3
2 63 5.5 0.00988152 5
3 0 3.875 -0.0080855 7
4 63 7.5 0.00489996 9
5 40 10.5 -5.77118e-05 11
6 15 96.5 0.0122695 13
7 15 8.5 -0.0130396 15
8 39 2.5 -0.00690223 17
9 11 2.5 0.00213266 19
10 63 17.5 0.00916007 21
11 48 2.5 -0.00086139 23
12 0 66.88 0.006223 25
13 40 15.5 0.0108769 27
14 63 39.5 0.0176502 29
15 15 3.5 -0.0133579 31
16 47 1.5 0.00151227 33
17 63 1.5 -0.00767442 35
18 47 1.5 -0.00361606 37
19 34 0.5 0.00253386 39
20 49 4.5 -0.00480514 41
21 13 6.5 0.00766693 43
22 0 15.255 0.0144869 45
23 55 3.5 0.00342444 47
24 63 2.5 -0.00251646 49
25 40 16.5 0.0032679 51
26 55 5.5 0.0164363 53
27 2 5.5 0.00915891 55
28 19 0.5 0.0134659 57
29 2 0.5 0.0145357 59
30 12 0.5 0.019431 61
31 -1 0 -0.0139622 0
32 -1 0 -0.0105038 0
33 -1 0 0.0143161 0
34 -1 0 -0.00337648 0
35 -1 0 -0.00989974 0
36 -1 0 -0.00408015 0
37 -1 0 -0.00659125 0
38 -1 0 -0.00161558 0
39 -1 0 0.00297096 0
40 -1 0 -0.0087566 0
41 -1 0 0.0106316 0
42 -1 0 -0.00963407 0
43 -1 0 0.00827042 0
44 -1 0 -0.0204073 0
45 -1 0 0.0114194 0
46 -1 0 0.0190424 0
47 -1 0 0.0052425 0
48 -1 0 -0.011514 0
49 -1 0 -0.00864627 0
50 -1 0 -0.00115661 0
51 -1 0 0.00660832 0
52 -1 0 -0.00801531 0
53 -1 0 0.0193903 0
54 -1 0 0.013154 0
55 -1 0 0.00932177 0
56 -1 0 -0.0156676 0
57 -1 0 0.0143772 0
58 -1 0 0.00922188 0
59 -1 0 0.0171957 0
60 -1 0 0.00475255 0
61 -1 0 0.0197154 0
62 -1 0 0.0114618 0
13 63
0 48 6.5 -8.65521e-05 1
1 15 8.5 -0.00547303 3
2 49 16.5 0.00944055 5
3 0 10.545 -0.00810704 7
4 15 27.5 0.00160735 9
5 39 1.5 0.00572892 11
6 43 17.5 0.0134848 13
7 63 1.5 -0.0106767 15
8 63 1.5 -0.00529885 17
9 63 3.5 0.000265459 19
10 39 9.5 0.00868432 21
11 14 4.5 0.00227431 23
12 63 23.5 0.00845474 25
13 63 17.5 0.0121144 27
14 63 45.5 0.017845 29
15 59 0.5 -0.012329 31
16 42 1.5 -0.00744145 33
17 60 0.5 -0.0086402 35
18 40 7.5 -0.00115738 37
19 56 7.5 -0.00280888 39
20 52 10.5 0.00274947 41
21 63 5.5 0.000128527 43
22 0 244.26 0.0109838 45
23 56 2.5 0.000997855 47
24 56 13.5 0.0133057 49
25 58 4.5 0.00737654 51
26 8 0.5 0.0174904 53
27 14 4.5 0.00937438 55
28 43 13.5 0.014536 57
29 25 1.5 0.0158666 59
30 40 25.5 0.0198926 61
31 -1 0 -0.012448 0
32 -1 0 -0.000714963 0
33 -1 0 -0.00789914 0
34 -1 0 0.00745538 0
35 -1 0 -0.00916337 0
36 -1 0 -0.00435926 0
37 -1 0 -0.00221225 0
38 -1 0 0.00839553 0
39 -1 0 -0.0035271 0
40 -1 0 0.00453656 0
41 -1 0 0.00228076 0
42 -1 0 0.0159269 0
43 -1 0 -0.0153499 0
44 -1 0 0.00535018 0
45 -1 0 0.0121279 0
46 -1 0 -0.0165082 0
47 -1 0 -0.000669822 0
48 -1 0 0.00877477 0
49 -1 0 0.0151884 0
50 -1 0 0.00180431 0
51 -1 0 0.00774283 0
52 -1 0 -0.00483068 0
53 -1 0 0.0159354 0
54 -1 0 0.0217461 0
55 -1 0 0.0114698 0
56 -1 0 0.00287511 0
57 -1 0 0.0158956 0
58 -1 0 0.00757461 0
59 -1 0 0.0166758 0
60 -1 0 0.00130176 0
61 -1 0 0.011436 0
62 -1 0 0.0204416 0
14 63
0 15 12.5 -9.48618e-05 1
1 63 3.5 -0.00557284 3
2 63 11.5 0.00864986 5
3 63 1.5 -0.00812544 7
4 49 15.5 0.00475486 9
5 63 5.5 0.0037132 11
6 63 24.5 0.0133748 13
7 60 0.5 -0.0105134 15
8 0 7.415 -0.00485352 17
9 0 5.745 0.00361554 19
10 1 4.5 0.00944416 21
11 32 2.5 0.000646461 23
12 0 9.515 0.005549 25
13 13 6.5 0.0106971 27
14 11 0.5 0.0167459 29
15 0 20.775 -0.0108124 31
16 0 10.545 -0.00571513 33
17 0 3.135 -0.00856034 35
18 40 6.5 -0.00299625 37
19 1 1.5 -0.00161185 39
20 56 54.5 0.00437309 41
21 40 0.5 0.0104696 43
22 63 8.5 -0.00929797 45
23 46 1.5 0.000157243 47
24 39 17.5 0.0126579 49
25 39 0.5 0.00191381 51
26 55 3.5 0.00692855 53
27 21 5.5 0.010943 55
28 56 37.5 -0.00255758 57
29 2 2.5 0.0178265 59
30 63 60.5 0.014305 61
31 -1 0 -0.0116874 0
32 -1 0 -0.00799442 0
33 -1 0 -0.0129039 0
34 -1 0 -0.00416192 0
35 -1 0 -0.0137358 0
36 -1 0 -0.00698598 0
37 -1 0 -0.00348891 0
38 -1 0 0.00253627 0
39 -1 0 -0.000340114 0
40 -1 0 -0.0203487 0
41 -1 0 0.00465321 0
42 -1 0 -0.00675114 0
43 -1 0 -0.00646975 0
44 -1 0 0.0115166 0
45 -1 0 -0.0175463 0
46 -1 0 -0.000691045 0
47 -1 0 0.00116624 0
48 -1 0 -0.00546946 0
49 -1 0 0.0146291 0
50 -1 0 0.0077299 0
51 -1 0 -0.00259653 0
52 -1 0 0.00492885 0
53 -1 0 0.00580923 0
54 -1 0 0.0138372 0
55 -1 0 0.01059 0
56 -1 0 0.0160258 0
57 -1 0 0.0172734 0
58 -1 0 -0.0194864 0
59 -1 0 0.0184868 0
60 -1 0 0.0110157 0
61 -1 0 0.0115362 0
62 -1 0 0.0208297 0
15 63
0 48 6.5 0.000128066 1
1 63 2.5 -0.0051185 3
2 63 12.5 0.00929746 5
3 63 1.5 -0.00867951 7
4 41 12.5 0.00203959 9
5 63 7.5 0.00486929 11
6 63 23.5 0.013577 13
7 40 0.5 -0.0103505 15
8 0 7.415 -0.00517519 17
9 63 3.5 0.0010903 19
10 43 3.5 0.00784612 21
11 0 17.875 0.00273725 23
12 55 0.5 0.00730012 25
13 40 19.5 0.0110507 27
14 63 43.5 0.0161004 29
15 14 1.5 -0.0114834 31
16 21 0.5 -0.0084871 33
17 15 3.5 -0.00925143 35
18 0 8.045 -0.00299227 37
19 0 4.135 -0.0018933 39
20 63 10.5 0.00310775 41
21 63 6.5 0.00252285 43
22 43 21.5 0.0102664 45
23 0 17.305 0.000313704 47
24 11 0.5 0.00491321 49
25 7 2.5 0.00487246 51
26 15 62.5 0.0105568 53
27 56 101.5 0.00987373 55
28 44 2.5 0.0138825 57
29 48 69.5 0.0146712 59
30 63 60.5 0.0185782 61
31 -1 0 -0.0116155 0
32 -1 0 -0.00696162 0
33 -1 0 -0.00898334 0
34 -1 0 -0.00393124 0
35 -1 0 -0.0122712 0
36 -1 0 -0.00705365 0
37 -1 0 0.00851793 0
38 -1 0 -0.00332174 0
39 -1 0 -0.0109822 0
40 -1 0 -0.000587913 0
41 -1 0 0.00262971 0
42 -1 0 0.0123278 0
43 -1 0 -0.00194148 0
44 -1 0 0.00886527 0
45 -1 0 0.0109253 0
46 -1 0 -0.0102675 0
47 -1 0 0.000947889 0
48 -1 0 -0.0142815 0
49 -1 0 0.00693941 0
50 -1 0 -0.000212559 0
51 -1 0 0.00540074 0
52 -1 0 -0.0235909 0
53 -1 0 0.0110682 0
54 -1 0 -0.00985516 0
55 -1 0 0.0103115 0
56 -1 0 -0.00659121 0
57 -1 0 0.0156793 0
58 -1 0 0.0100533 0
59 -1 0 0.0155146 0
60 -1 0 0.00642144 0
61 -1 0 0.0171934 0
62 -1 0 0.0198935 0
16 63
0 63 3.5 -2.97332e-05 1
1 0 8.915 -0.00753824 3
2 63 11.5 0.00783976 5
3 39 3.5 -0.0100842 7
4 40 6.5 -0.00543523 9
5 63 7.5 0.00401084 11
6 63 23.5 0.0128425 13
7 63 1.5 -0.010709 15
8 49 2.5 -0.00139954 17
9 63 1.5 -0.00592238 19
10 18 0.5 0.00407977 21
11 51 15.5 0.00259057 23
12 40 38.5 0.00699533 25
13 40 10.5 0.0102556 27
14 63 43.5 0.0160552 29
15 52 2.5 -0.0117591 31
16 41 6.5 -0.00856379 33
17 41 0.5 -0.00260704 35
18 43 0.5 0.00669225 37
19 0 57.74 -0.00893133 39
20 48 3.5 -0.00264147 41
21 15 0.5 0.00514414 43
22 42 1.5 -0.00805919 45
23 41 16.5 0.00244801 47
24 56 56.5 0.0181369 49
25 55 5.5 0.00731038 51
26 -1 0 -0.0145759 0
27 8 0.5 0.00839149 53
28 3 0.5 0.0123647 55
29 56 269.5 0.0146171 57
30 40 95.5 0.0186101 59
31 0 2.475 -0.0118411 61
32 -1 0 0.00497149 0
33 -1 0 -0.00881451 0
34 -1 0 0.00400049 0
35 -1 0 -0.00399407 0
36 -1 0 0.00452626 0
37 -1 0 0.0115391 0
38 -1 0 -0.00712125 0
39 -1 0 -0.00958645 0
40 -1 0 -0.00562587 0
41 -1 0 -0.00119012 0
42 -1 0 -0.00441035 0
43 -1 0 -0.00529815 0
44 -1 0 0.00759324 0
45 -1 0 -0.000805896 0
46 -1 0 -0.0153125 0
47 -1 0 0.00182437 0
48 -1 0 0.00583921 0
49 -1 0 0.0209457 0
50 -1 0 0.0141838 0
51 -1 0 0.0064923 0
52 -1 0 0.0147345 0
53 -1 0 0.00744573 0
54 -1 0 0.0150631 0
55 -1 0 0.0112243 0
56 -1 0 0.0181259 0
57 -1 0 0.0150423 0
58 -1 0 -0.00886776 0
59 -1 0 0.0179008 0
60 -1 0 0.0206328 0
61 -1 0 -0.0144266 0
62 -1 0 -0.0109707 0
17 63
0 63 3.5 6.23632e-05 1
1 15 3.5 -0.00730768 3
2 15 34.5 0.00786074 5
3 48 2.5 -0.00908713 7
4 63 1.5 -0.00530002 9
5 63 7.5 0.00517705 11
6 15 96.5 0.0124031 13
7 55 1.5 -0.00989796 15
8 0 6.985 -0.00584498 17
9 43 1.5 -0.00895735 19
10 0 11.345 -0.00303398 21
11 0 17.965 0.00254509 23
12 51 6.5 0.00899088 25
13 0 6.405 0.0106712 27
14 63 39.5 0.0162967 29
15 0 3.675 -0.0102547 31
16 43 0.5 -0.00253285 33
17 49 2.5 -0.0116555 35
18 6 0.5 -0.00410765 37
19 60 0.5 -0.00966506 39
20 56 0.5 -0.0041282 41
21 48 3.5 -0.00538041 43
22 52 1.5 -0.000933597 45
23 51 8.5 0.000659253 47
24 11 0.5 0.00491809 49
25 7 2.5 0.00740421 51
26 14 24.5 0.012431 53
27 49 33.5 -0.000644952 55
28 63 11.5 0.0115131 57
29 45 65.5 0.0139927 59
30 11 21.5 0.0179203 61
31 -1 0 -0.0132363 0
32 -1 0 -0.00881182 0
33 -1 0 0.00344622 0
34 -1 0 -0.00644126 0
35 -1 0 -0.00420146 0
36 -1 0 -0.0139224 0
37 -1 0 -0.00377516 0
38 -1 0 -0.0241335 0
39 -1 0 -0.010013 0
40 -1 0 -0.00447271 0
41 -1 0 -0.00540145 0
42 -1 0 0.00786405 0
43 -1 0 -0.00382383 0
44 -1 0 -0.00801655 0
45 -1 0 0.00107826 0
46 -1 0 -0.00336688 0
47 -1 0 0.000412421 0
48 -1 0 0.0158657 0
49 -1 0 0.00632658 0
50 -1 0 -5.36774e-05 0
51 -1 0 0.00778963 0
52 -1 0 -0.0148946 0
53 -1 0 0.0129563 0
54 -1 0 -0.00715251 0
55 -1 0 -0.0031982 0
56 -1 0 0.0162777 0
57 -1 0 0.00710068 0
58 -1 0 0.0126686 0
59 -1 0 0.015208 0
60 -1 0 0.00304071 0
61 -1 0 0.018149 0
62 -1 0 0.00529971 0
18 63
0 48 6.5 -6.74162e-05 1
1 63 2.5 -0.00518386 3
2 49 16.5 0.00892804 5
3 0 10.545 -0.00858515 7
4 63 7.5 0.00171849 9
5 39 1.5 0.00547885 11
6 49 41.5 0.0126825 13
7 0 3.815 -0.0105597 15
8 63 1.5 -0.00642403 17
9 63 3.5 0.000484818 19
10 22 3.5 0.00865073 21
11 63 10.5 0.00214174 23
12 48 15.5 0.00816035 25
13 63 17.5 0.0109749 27
14 63 43.5 0.0156727 29
15 39 4.5 -0.012715 31
16 47 1.5 -0.00925255 33
17 0 64.465 -0.00807552 35
18 43 5.5 -0.00353305 37
19 0 4.135 -0.00224444 39
20 34 0.5 0.00240758 41
21 8 0.5 0.00736289 43
22 40 1.5 0.0192507 45
23 14 2.5 0.00120096 47
24 41 24.5 0.0108454 49
25 52 3.5 0.00678557 51
26 15 25.5 0.0132202 53
27 51 0.5 0.00861504 55
28 32 3.5 0.0141262 57
29 56 269.5 0.0135503 59
30 0 15.355 0.0185262 61
31 -1 0 -0.0128495 0
32 -1 0 0.00426719 0
33 -1 0 -0.00975365 0
34 -1 0 -0.00466206 0
35 -1 0 -0.0089138 0
36 -1 0 -0.00347551 0
37 -1 0 -0.0030298 0
38 -1 0 -0.0152741 0
39 -1 0 -0.012591 0
40 -1 0 -0.000802009 0
41 -1 0 0.00290057 0
42 -1 0 -0.0063424 0
43 -1 0 0.00571415 0
44 -1 0 0.0157377 0
45 -1 0 0.0147867 0
46 -1 0 0.0202613 0
47 -1 0 -0.000204475 0
48 -1 0 0.00779313 0
49 -1 0 0.0134746 0
50 -1 0 -0.00916525 0
51 -1 0 0.0103377 0
52 -1 0 0.00472715 0
53 -1 0 0.00802357 0
54 -1 0 0.0156603 0
55 -1 0 0.00183082 0
56 -1 0 0.00999859 0
57 -1 0 0.0130983 0
58 -1 0 0.0184508 0
59 -1 0 0.0140322 0
60 -1 0 -0.00284927 0
61 -1 0 0.0195513 0
62 -1 0 0.0171516 0
19 63
0 63 3.5 -6.97711e-05 1
1 0 11.485 -0.00733252 3
2 63 11.5 0.00766242 5
3 63 1.5 -0.00958735 7
4 63 1.5 -0.00481902 9
5 11 0.5 0.00411204 11
6 63 23.5 0.0123135 13
7 0 3.455 -0.0113249 15
8 0 3.135 -0.0068312 17
9 0 67.895 -0.0080739 19
10 15 15.5 -0.00162796 21
11 63 6.5 0.00481316 23
12 60 3.5 0.000493818 25
13 0 6.405 0.00973596 27
14 0 16.625 0.015516 29
15 0 3.325 -0.0132399 31
16 48 2.5 -0.0102157 33
17 15 3.5 -0.0120161 35
18 63 2.5 -0.00578581 37
19 40 0.5 -0.00875976 39
20 45 13.5 -0.00436567 41
21 0 299.905 -0.00216181 43
22 15 21.5 0.00665797 45
23 0 18.675 0.00288582 47
24 41 54.5 0.00718361 49
25 45 38.5 0.00104331 51
26 63 6.5 -0.015931 53
27 41 24.5 0.00317147 55
28 13 6.5 0.0102978 57
29 56 24.5 0.0170143 59
30 41 42.5 0.0139105 61
31 -1 0 -0.0129919 0
32 -1 0 -0.0164728 0
33 -1 0 -0.0103718 0
34 -1 0 -0.00481648 0
35 -1 0 -0.0146437 0
36 -1 0 -0.00863784 0
37 -1 0 -0.00716747 0
38 -1 0 -0.00346267 0
39 -1 0 -0.0104113 0
40 -1 0 -0.00743066 0
41 -1 0 -0.00261635 0
42 -1 0 -0.0164187 0
43 -1 0 -0.00194244 0
44 -1 0 -0.0157561 0
45 -1 0 0.0107511 0
46 -1 0 -0.00539409 0
47 -1 0 0.000612065 0
48 -1 0 0.00615154 0
49 -1 0 0.00741548 0
50 -1 0 -0.0165767 0
51 -1 0 0.000549289 0
52 -1 0 0.0208536 0
53 -1 0 -0.0235673 0
54 -1 0 -0.00908475 0
55 -1 0 0.00644204 0
56 -1 0 -0.0155085 0
57 -1 0 0.0105343 0
58 -1 0 -0.000949089 0
59 -1 0 0.0154018 0
60 -1 0 0.0192315 0
61 -1 0 0.0170891 0
62 -1 0 0.0122976 0